1 秦思源 1 33299 258 144 73499 1
2 李东 0 20570 217 284 70670 1
3 王圣林 0 15412 145 37 33612 1
4 张云鹏 0 11646 106 22 24446 1
5 王春辉 0 7575 72 78 22575 1
6 樊毅伟 0 7968 54 60 19368 1
7 宁伟 0 1000 61 110 18100 1
8 朱越 0 1000 62 93 16500 1
9 郭鹏程 0 8302 55 3 14102 -1
10 毛鹏宇 0 11020 14 13 13720 -1
11 李博 0 7656 35 6 11756 -1
12 赵一超 0 6396 30 16 10996 -1
13 宫健 0 9892 0 0 9892 -1
14 廖远树 0 3590 57 0 9290 1
15 陈冠希 0 5240 37 3 9240 -1
16 王珏鑫 0 2910 51 5 8510 -1
17 常娜 0 5011 31 0 8111 -1
18 杨爽 0 1290 43 0 5590 -1
19 郭峰 0 2320 30 0 5320 -1
20 刘昊忞 0 2750 7 0 3450 -1
21 王猛 0 1920 3 0 2220 -1
22 崔文龙 0 140 6 8 1540 1
23 忻东儿 0 330 12 0 1530 1
24 李佳臻 0 0 9 0 900 -1
25 张婷婷 0 378 2 2 778 -1
26 膜拜楼上众神 0 0 0 0 0 -1
